Time elapsed: 1596.6330931186676
Best order: [23  4  3  0  7  2  9  1  5 16  6 14  8 11 10 12 19 25 15 13 24 20 21 17
 35 18 22 33 28 27 32 29 31 34 26 36 30 37 38]
Real order: [ 3  0  1  2  4  6  7 14  9 11  8  5 10 12 13 16 17 18 15 19 20 21 23 24
 27 26 29 22 25 28 32 33 34 30 31 36 37 35 38]
Observed order: [ 3  0  1  2  4  6  7 14  9 11  8  5 10 12 13 16 17 18 15 19 20 21 23 24
 27 26 29 22 25 28 32 33 34 30 31 36 37 35 38]
Infered Order Score: -2903.516749596926
Real Order Score: -8127.402348487823, Real Score: 14.426982994013326
Observed Order Score: -11435.801518029686, Observed Score: -2827.208922329671
